
1.031300E-02	-1.49755E00	1.12451E01 
1.087000E-02	9.35525E00	1.81286E01 
1.142800E-02	2.14044E01	6.90466E00 
1.198500E-02	3.25884E01	3.90771E00 
1.254300E-02	3.51782E01	7.47973E00 
1.310000E-02	4.20501E01	2.51083E00 
1.365800E-02	3.74982E01	2.08426E00 
1.421500E-02	4.51576E01	1.84181E00 
1.477200E-02	4.06753E01	1.72006E00 
1.533000E-02	4.36425E01	1.58364E00 
1.588700E-02	4.36691E01	1.45865E00 
1.644500E-02	4.25055E01	1.41538E00 
1.700200E-02	4.40290E01	1.34671E00 
1.756000E-02	4.27696E01	1.27922E00 
1.811700E-02	4.24803E01	1.25563E00 
1.867500E-02	4.44872E01	1.15137E00 
1.923200E-02	4.34320E01	1.16902E00 
1.978900E-02	4.34303E01	1.11867E00 
2.034700E-02	4.23652E01	1.10302E00 
2.090400E-02	4.19074E01	1.06140E00 
2.146200E-02	4.21981E01	1.04671E00 
2.201900E-02	4.30049E01	9.92871E-01 
2.257700E-02	3.91955E01	9.76746E-01 
2.313400E-02	4.00356E01	9.67920E-01 
2.369200E-02	4.21917E01	9.41618E-01 
2.424900E-02	4.20290E01	9.27550E-01 
2.480700E-02	4.09585E01	9.33461E-01 
2.536400E-02	3.98027E01	8.91906E-01 
2.592100E-02	4.04816E01	8.90405E-01 
2.647900E-02	4.03416E01	8.83679E-01 
2.703600E-02	3.95386E01	8.26615E-01 
2.759400E-02	4.17483E01	8.39908E-01 
2.815100E-02	4.00494E01	8.26447E-01 
2.870900E-02	3.71881E01	8.09412E-01 
2.926600E-02	3.93710E01	8.10023E-01 
2.982400E-02	3.70488E01	8.09457E-01 
3.038100E-02	3.81167E01	7.82629E-01 
3.093800E-02	3.97678E01	7.87400E-01 
3.149600E-02	3.79149E01	7.66557E-01 
3.205300E-02	3.80816E01	7.49055E-01 
3.261100E-02	3.73547E01	7.44082E-01 
3.316800E-02	3.72223E01	7.37373E-01 
3.372600E-02	3.62245E01	7.27241E-01 
3.428300E-02	3.71440E01	7.31995E-01 
3.484100E-02	3.50259E01	7.11409E-01 
3.539800E-02	3.60851E01	7.06074E-01 
3.595500E-02	3.66659E01	6.79611E-01 
3.651300E-02	3.66968E01	7.44342E-01 
3.707000E-02	3.46871E01	6.91035E-01 
3.762800E-02	3.50484E01	6.87226E-01 
3.818500E-02	3.52369E01	6.63304E-01 
3.874300E-02	3.51377E01	6.68403E-01 
3.930000E-02	3.42959E01	6.51907E-01 
3.985800E-02	3.30095E01	6.36434E-01 
4.041500E-02	3.34248E01	6.47226E-01 
4.097300E-02	3.40638E01	6.39233E-01 
4.153000E-02	3.25938E01	6.30030E-01 
4.208700E-02	3.29699E01	6.24986E-01 
4.264500E-02	3.24968E01	6.22560E-01 
4.320200E-02	3.13579E01	6.09563E-01 
4.376000E-02	3.21559E01	6.16923E-01 
4.431700E-02	3.16896E01	5.98173E-01 
4.487500E-02	3.01774E01	5.71404E-01 
4.543200E-02	3.14083E01	5.86008E-01 
4.599000E-02	3.04989E01	5.86626E-01 
4.654700E-02	3.06460E01	5.82764E-01 
4.710400E-02	2.96547E01	5.94537E-01 
4.766200E-02	2.92693E01	5.70063E-01 
4.821900E-02	2.94078E01	5.62242E-01 
4.877700E-02	3.02720E01	5.75309E-01 
4.933400E-02	3.00432E01	5.45115E-01 
4.989200E-02	2.79426E01	5.41045E-01 
5.044900E-02	2.83334E01	5.45553E-01 
5.100700E-02	2.71822E01	5.33870E-01 
5.156400E-02	2.71123E01	5.46329E-01 
5.212100E-02	2.66774E01	5.37435E-01 
5.267900E-02	2.67505E01	5.65224E-01 
5.323600E-02	2.69596E01	5.32978E-01 
5.379400E-02	2.69991E01	5.29499E-01 
5.435100E-02	2.54667E01	5.14663E-01 
5.490900E-02	2.47530E01	5.14458E-01 
5.546600E-02	2.53601E01	5.15501E-01 
5.602400E-02	2.49492E01	5.15356E-01 
5.658100E-02	2.41504E01	5.14443E-01 
5.713800E-02	2.45189E01	5.04696E-01 
5.769600E-02	2.46832E01	5.00872E-01 
5.825300E-02	2.33462E01	4.98810E-01 
5.881100E-02	2.44632E01	4.95420E-01 
5.936800E-02	2.34336E01	4.97942E-01 
5.992600E-02	2.29441E01	4.86314E-01 
6.048300E-02	2.31908E01	4.88225E-01 
6.104100E-02	2.25983E01	4.90002E-01 
6.159800E-02	2.20290E01	4.88441E-01 
6.215500E-02	2.18742E01	4.80496E-01 
6.271300E-02	2.23055E01	4.75971E-01 
6.327000E-02	2.13551E01	4.71285E-01 
6.382800E-02	2.04854E01	4.66500E-01 
6.438500E-02	2.16266E01	4.68594E-01 
6.494300E-02	2.07667E01	4.76851E-01 
6.550000E-02	2.03099E01	4.68994E-01 
6.605700E-02	2.07039E01	4.56076E-01 
6.661500E-02	1.94851E01	4.65623E-01 
6.717200E-02	1.95720E01	4.53825E-01 
6.773000E-02	1.97432E01	4.86404E-01 
6.828700E-02	1.97830E01	4.81712E-01 
6.884500E-02	1.82647E01	4.41605E-01 
6.940200E-02	1.86916E01	4.40540E-01 
6.996000E-02	1.86539E01	4.46558E-01 
7.051700E-02	1.86981E01	4.43561E-01 
7.107400E-02	1.77921E01	4.38424E-01 
7.163200E-02	1.72741E01	4.38449E-01 
7.218900E-02	1.78158E01	4.29936E-01 
7.274700E-02	1.74891E01	4.33377E-01 
7.330400E-02	1.72418E01	4.28463E-01 
7.386200E-02	1.63284E01	4.36542E-01 
7.441900E-02	1.66942E01	4.42604E-01 
7.497700E-02	1.67263E01	4.28232E-01 
7.553400E-02	1.70532E01	4.35813E-01 
7.609100E-02	1.55292E01	4.34730E-01 
7.664900E-02	1.61359E01	4.18978E-01 
7.720600E-02	1.52482E01	4.25183E-01 
7.776400E-02	1.53988E01	4.17056E-01 
7.832100E-02	1.56172E01	4.18632E-01 
7.887900E-02	1.49506E01	4.14152E-01 
7.943600E-02	1.49712E01	4.14405E-01 
7.999300E-02	1.33799E01	4.11768E-01 
8.055100E-02	1.36620E01	4.06555E-01 
8.110800E-02	1.36647E01	4.02456E-01 
8.166600E-02	1.42403E01	4.03794E-01 
8.222300E-02	1.41204E01	4.01028E-01 
8.278100E-02	1.27225E01	3.96637E-01 
8.333800E-02	1.32473E01	3.89557E-01 
8.389500E-02	1.24703E01	3.92140E-01 
8.445300E-02	1.20853E01	3.91711E-01 
8.501000E-02	1.18942E01	3.89968E-01 
8.556800E-02	1.27876E01	3.90991E-01 
8.612500E-02	1.22462E01	3.84964E-01 
8.668300E-02	1.21128E01	4.05837E-01 
8.724000E-02	1.11686E01	3.79260E-01 
8.779800E-02	1.14543E01	4.01005E-01 
8.835500E-02	1.16891E01	3.79541E-01 
8.891200E-02	1.10577E01	3.84399E-01 
8.947000E-02	1.20471E01	3.78660E-01 
9.002700E-02	1.07712E01	3.69333E-01 
9.058500E-02	1.06945E01	3.69426E-01 
9.114200E-02	1.07009E01	3.74484E-01 
9.170000E-02	1.00846E01	3.69208E-01 
9.225700E-02	1.04628E01	3.70078E-01 
9.281400E-02	1.02197E01	3.64606E-01 
9.337200E-02	1.00622E01	3.66369E-01 
9.392900E-02	1.00635E01	3.62622E-01 
9.448700E-02	9.51237E00	3.59913E-01 
9.504400E-02	1.01114E01	3.60670E-01 
9.560200E-02	9.91886E00	3.65081E-01 
9.615900E-02	9.25801E00	3.59707E-01 
9.671600E-02	9.14089E00	3.73134E-01 
9.727400E-02	9.33140E00	3.82482E-01 
9.783100E-02	9.31594E00	3.82658E-01 
9.838900E-02	1.00641E01	4.12010E-01 
9.894600E-02	8.80043E00	4.10736E-01 
9.950400E-02	8.90653E00	3.80810E-01 
1.000610E-01	8.27130E00	3.85618E-01 
1.006180E-01	7.84770E00	3.87449E-01 
1.011760E-01	7.37399E00	3.91936E-01 
1.017330E-01	7.51950E00	3.90094E-01 
1.022910E-01	8.31847E00	3.90869E-01 
1.028480E-01	7.30497E00	3.95199E-01 
1.034060E-01	7.67613E00	3.85402E-01 
1.039630E-01	8.02264E00	3.86789E-01 
1.045200E-01	7.81061E00	3.74263E-01 
1.050780E-01	7.45566E00	3.63191E-01 
1.056350E-01	7.72689E00	3.60457E-01 
1.061930E-01	8.20534E00	3.63138E-01 
1.067500E-01	6.77138E00	3.61373E-01 
1.073080E-01	6.44672E00	3.53237E-01 
1.078650E-01	6.01950E00	3.53332E-01 
1.084220E-01	7.12896E00	3.51562E-01 
1.089800E-01	7.78343E00	3.50003E-01 
1.095370E-01	6.11940E00	3.51507E-01 
1.100950E-01	6.83856E00	3.46517E-01 
1.106520E-01	6.50115E00	3.41847E-01 
1.112100E-01	5.80616E00	3.41750E-01 
1.117670E-01	5.55723E00	3.42035E-01 
1.123240E-01	5.56045E00	3.40524E-01 
1.128820E-01	5.99812E00	3.44238E-01 
1.134390E-01	5.80807E00	3.37500E-01 
1.139970E-01	5.51445E00	3.32192E-01 
1.145540E-01	5.83963E00	3.35334E-01 
1.151110E-01	5.88630E00	3.32545E-01 
1.156690E-01	4.77370E00	3.29251E-01 
1.162260E-01	5.55492E00	3.32569E-01 
1.167840E-01	5.76118E00	3.22966E-01 
1.173410E-01	5.82373E00	3.27567E-01 
1.178990E-01	5.42369E00	3.27643E-01 
1.184560E-01	5.44177E00	3.25960E-01 
1.190130E-01	5.43180E00	3.23562E-01 
1.195710E-01	5.11306E00	3.23248E-01 
1.201280E-01	5.16371E00	3.19359E-01 
1.206860E-01	4.79629E00	3.20787E-01 
1.212430E-01	4.75335E00	3.17833E-01 
1.218000E-01	4.76037E00	3.17656E-01 
1.223580E-01	4.17141E00	3.14054E-01 
1.229150E-01	5.18698E00	3.14913E-01 
1.234730E-01	4.67740E00	3.13896E-01 
1.240300E-01	4.55578E00	3.16776E-01 
1.245880E-01	4.98985E00	3.08399E-01 
1.251450E-01	4.44065E00	3.08823E-01 
1.257020E-01	4.35846E00	3.07474E-01 
1.262600E-01	4.45679E00	3.05000E-01 
1.268170E-01	4.00282E00	3.06242E-01 
1.273750E-01	4.23831E00	3.12165E-01 
1.279320E-01	4.34266E00	3.08666E-01 
1.284890E-01	4.12020E00	3.25096E-01 
1.290470E-01	4.45067E00	3.03574E-01 
1.296040E-01	3.93443E00	3.02555E-01 
1.301620E-01	4.49638E00	3.03841E-01 
1.307190E-01	4.06347E00	3.01817E-01 
1.312770E-01	4.23202E00	3.00191E-01 
1.318340E-01	3.68739E00	2.97498E-01 
1.323910E-01	3.42032E00	3.01291E-01 
1.329490E-01	3.14468E00	2.96643E-01 
1.335060E-01	3.87494E00	2.96562E-01 
1.340640E-01	3.73416E00	2.96179E-01 
1.346210E-01	3.26222E00	2.92840E-01 
1.351780E-01	2.86065E00	2.94056E-01 
1.357360E-01	2.53741E00	2.95470E-01 
1.362930E-01	3.71657E00	2.94621E-01 
1.368510E-01	3.27834E00	2.92427E-01 
1.374080E-01	3.38915E00	2.92766E-01 
1.379650E-01	3.58793E00	2.89281E-01 
1.385230E-01	3.85849E00	2.93381E-01 
1.390800E-01	3.06202E00	2.91274E-01 
1.396380E-01	3.63919E00	2.91168E-01 
1.401950E-01	2.86598E00	2.94269E-01 
1.407520E-01	3.31630E00	2.85586E-01 
1.413100E-01	3.11271E00	2.86254E-01 
1.418670E-01	2.96245E00	2.84777E-01 
1.424250E-01	2.43384E00	2.85450E-01 
1.429820E-01	2.60218E00	2.86256E-01 
1.435400E-01	2.96899E00	2.85537E-01 
1.440970E-01	2.48534E00	2.82895E-01 
1.446540E-01	2.71921E00	2.84262E-01 
1.452120E-01	3.16069E00	2.84943E-01 
1.457690E-01	2.44859E00	2.83279E-01 
1.463270E-01	2.68117E00	2.78046E-01 
1.468840E-01	2.51137E00	2.77865E-01 
1.474410E-01	2.55602E00	2.79713E-01 
1.479990E-01	2.84293E00	2.81062E-01 
1.485560E-01	2.78043E00	2.77587E-01 
1.491140E-01	2.29326E00	2.75861E-01 
1.496710E-01	3.11443E00	2.73698E-01 
1.502280E-01	2.52992E00	2.75818E-01 
1.507860E-01	2.09883E00	2.73486E-01 
1.513430E-01	2.50061E00	2.75372E-01 
1.519010E-01	2.42998E00	2.72660E-01 
1.524580E-01	1.87431E00	2.71853E-01 
1.530150E-01	2.43182E00	2.72121E-01 
1.535730E-01	2.55686E00	2.70629E-01 
1.541300E-01	2.51361E00	2.71538E-01 
1.546880E-01	2.28887E00	2.71949E-01 
1.552450E-01	1.70312E00	2.67991E-01 
1.558020E-01	2.50093E00	2.67087E-01 
1.563600E-01	2.19167E00	2.71002E-01 
1.569170E-01	2.02981E00	2.66946E-01 
1.574750E-01	2.04505E00	2.69228E-01 
1.580320E-01	2.14007E00	2.72502E-01 
1.585890E-01	1.70935E00	2.67803E-01 
1.591470E-01	1.50371E00	2.67053E-01 
1.597040E-01	1.99178E00	2.70624E-01 
1.602610E-01	1.33789E00	2.70321E-01 
1.608190E-01	1.84828E00	2.67936E-01 
1.613760E-01	1.87564E00	2.66371E-01 
1.619340E-01	1.38608E00	2.64388E-01 
1.624910E-01	1.82893E00	2.62789E-01 
1.630480E-01	1.56528E00	2.67185E-01 
1.636060E-01	1.77283E00	2.60695E-01 
1.641630E-01	1.61620E00	2.60926E-01 
1.647210E-01	1.75730E00	2.64378E-01 
1.652780E-01	2.04169E00	2.61992E-01 
1.658350E-01	1.45661E00	2.61802E-01 
1.663930E-01	1.20672E00	2.60036E-01 
1.669500E-01	1.62167E00	2.62182E-01 
1.675080E-01	1.53879E00	2.77019E-01 
1.680650E-01	1.58174E00	2.60192E-01 
1.686220E-01	1.38330E00	2.56683E-01 
1.691800E-01	1.66446E00	2.56753E-01 
1.697370E-01	1.98841E00	2.56871E-01 
1.702940E-01	1.04081E00	2.58059E-01 
1.708520E-01	1.56939E00	2.55759E-01 
1.714090E-01	1.24137E00	2.53342E-01 
1.719670E-01	2.13186E00	2.57772E-01 
1.725240E-01	1.24357E00	2.55297E-01 
1.730810E-01	1.29727E00	2.53313E-01 
1.736390E-01	1.59921E00	2.53077E-01 
1.741960E-01	8.16293E-01	2.54439E-01 
1.747540E-01	1.05386E00	2.69140E-01 
1.753110E-01	1.36270E00	2.50655E-01 
1.758680E-01	7.21092E-01	2.51446E-01 
1.764260E-01	9.64548E-01	2.66475E-01 
1.769830E-01	1.46119E00	2.50006E-01 
1.775400E-01	1.14168E00	2.49164E-01 
1.780980E-01	1.16414E00	2.50013E-01 
1.786550E-01	1.59395E00	2.49943E-01 
1.792130E-01	6.96539E-01	2.47100E-01 
1.797700E-01	1.32211E00	2.48782E-01 
1.803270E-01	9.47822E-01	2.48062E-01 
1.808850E-01	1.27001E00	2.46853E-01 
1.814420E-01	1.06871E00	2.48340E-01 
1.819990E-01	1.03948E00	2.44718E-01 
1.825570E-01	1.41430E00	2.44153E-01 
1.831140E-01	9.86600E-01	2.46986E-01 
1.836720E-01	1.08198E00	2.45725E-01 
1.842290E-01	1.60439E00	2.46638E-01 
1.847860E-01	7.74210E-01	2.43131E-01 
1.853440E-01	1.07849E00	2.46462E-01 
1.859010E-01	1.31907E00	2.40826E-01 
1.864580E-01	9.38001E-01	2.41781E-01 
1.870160E-01	8.12257E-01	2.43626E-01 
1.875730E-01	9.52709E-01	2.42797E-01 
1.881310E-01	1.00742E00	2.39772E-01 
1.886880E-01	1.03201E00	2.37554E-01 
1.892450E-01	8.34767E-01	2.39923E-01 
1.898030E-01	1.48123E00	2.39670E-01 
1.903600E-01	1.15770E00	2.39943E-01 
1.909170E-01	1.41749E00	2.39541E-01 
1.914750E-01	9.59702E-01	2.36285E-01 
1.920320E-01	9.45567E-01	2.37959E-01 
1.925900E-01	7.63781E-01	2.37620E-01 
1.931470E-01	9.56489E-01	2.37286E-01 
1.937040E-01	1.34601E00	2.35637E-01 
1.942620E-01	6.62740E-01	2.36020E-01 
1.948190E-01	7.80898E-01	2.36547E-01 
1.953760E-01	1.29606E00	2.38432E-01 
1.959340E-01	9.83501E-01	2.41286E-01 
1.964910E-01	8.03192E-01	2.43504E-01 
1.970480E-01	8.35343E-01	2.62954E-01 
1.976060E-01	9.02322E-01	2.47503E-01 
1.981630E-01	5.58064E-01	2.48784E-01 
1.987210E-01	6.04318E-01	2.49031E-01 
1.992780E-01	9.00002E-01	2.49911E-01 
1.998350E-01	6.75282E-01	2.52578E-01 
2.003930E-01	7.59924E-01	2.52891E-01 
2.009500E-01	6.51318E-01	2.53167E-01 
2.015070E-01	3.91301E-01	2.55027E-01 
2.020650E-01	3.28506E-01	2.71214E-01 
2.026220E-01	7.79352E-01	2.54608E-01 
2.031790E-01	6.44507E-01	2.51627E-01 
2.037370E-01	7.95550E-01	2.49496E-01 
2.042940E-01	8.42465E-01	2.48656E-01 
2.048510E-01	1.11904E00	2.44551E-01 
2.054090E-01	1.26731E00	2.43006E-01 
2.059660E-01	4.46279E-01	2.38694E-01 
2.065240E-01	8.67664E-01	2.41389E-01 
2.070810E-01	6.93172E-01	2.38869E-01 
2.076380E-01	6.82199E-01	2.38670E-01 
2.081960E-01	1.08286E00	2.51303E-01 
2.087530E-01	8.92473E-01	2.34051E-01 
2.093100E-01	4.63878E-01	2.33410E-01 
2.098680E-01	9.79433E-01	2.33082E-01 
2.104250E-01	5.33952E-01	2.34196E-01 
2.109820E-01	2.91669E-01	2.33613E-01 
2.115400E-01	6.61384E-01	2.32197E-01 
2.120970E-01	9.56787E-02	2.88730E-01 
2.126540E-01	5.10205E-01	2.31371E-01 
2.132120E-01	7.06953E-01	2.33238E-01 
2.137690E-01	5.31680E-01	2.33477E-01 
2.143260E-01	3.84083E-01	2.29275E-01 
2.148840E-01	6.01066E-01	2.29840E-01 
2.154410E-01	6.57477E-02	2.28851E-01 
2.159990E-01	3.32569E-01	2.30290E-01 
2.165560E-01	5.95313E-01	2.44922E-01 
2.171130E-01	1.71852E-01	2.28878E-01 
2.176710E-01	8.71689E-01	2.29306E-01 
2.182280E-01	1.63459E-01	2.27347E-01 
2.187850E-01	3.14745E-01	2.25545E-01 
2.193430E-01	7.18724E-01	2.25194E-01 
2.199000E-01	2.55561E-01	2.24024E-01 
2.204570E-01	7.27751E-01	2.24670E-01 
2.210150E-01	3.21144E-01	2.23612E-01 
2.215720E-01	4.07669E-01	2.22250E-01 
2.221290E-01	3.74113E-01	2.23849E-01 
2.226870E-01	9.04474E-01	2.22942E-01 
2.232440E-01	2.93896E-01	2.23513E-01 
2.238010E-01	1.09352E-01	2.19891E-01 
2.243590E-01	5.51745E-01	2.20658E-01 
2.249160E-01	3.62038E-01	2.20811E-01 
2.254730E-01	3.60724E-01	2.21751E-01 
2.260310E-01	6.09437E-01	2.22000E-01 
2.265880E-01	8.89485E-01	2.20430E-01 
2.271450E-01	6.82495E-01	2.20133E-01 
2.277030E-01	-4.92681E-01	2.19716E-01 
2.282600E-01	1.44417E-01	2.19858E-01 
2.288170E-01	6.44646E-01	2.20899E-01 
2.293750E-01	-5.22371E-02	2.20036E-01 
2.299320E-01	4.11091E-01	2.17757E-01 
2.304890E-01	4.51234E-01	2.16834E-01 
2.310470E-01	3.14857E-01	2.18253E-01 
2.316040E-01	2.83006E-02	2.17167E-01 
2.321610E-01	7.15206E-01	2.17785E-01 
2.327190E-01	-3.00232E-01	2.15580E-01 
2.332760E-01	2.90735E-01	3.95717E-01 
2.338330E-01	7.81573E-01	2.16896E-01 
2.343910E-01	-3.25599E-01	2.16665E-01 
2.349480E-01	9.16583E-01	2.17485E-01 
2.355050E-01	8.74866E-01	2.15363E-01 
2.360630E-01	1.77965E-01	2.14761E-01 
2.366200E-01	2.72882E-01	2.16701E-01 
2.371770E-01	-9.06253E-02	2.29481E-01 
2.377350E-01	1.85180E-01	2.14480E-01 
2.382920E-01	1.64134E-01	2.13526E-01 
2.388490E-01	1.48377E-01	2.17138E-01 
2.394070E-01	6.43890E-01	2.13931E-01 
2.399640E-01	2.37988E-01	2.13535E-01 
2.405210E-01	4.76075E-01	2.13716E-01 
2.410790E-01	4.68639E-01	2.12040E-01 
2.416360E-01	2.18735E-01	2.11061E-01 
2.421930E-01	6.91817E-02	2.11432E-01 
2.427500E-01	4.87395E-01	2.10042E-01 
2.433080E-01	1.68243E-01	2.25437E-01 
2.438650E-01	7.90556E-01	2.11747E-01 
2.444220E-01	-1.74882E-01	2.08630E-01 
2.449800E-01	2.20154E-01	2.09150E-01 
2.455370E-01	5.22314E-01	2.09639E-01 
2.460940E-01	1.93660E-01	2.07678E-01 
2.466520E-01	1.10591E-01	2.07886E-01 
2.472090E-01	-2.08395E-03	2.08441E-01 
2.477660E-01	1.41722E-02	2.05986E-01 
2.483240E-01	3.11784E-01	2.04504E-01 
2.488810E-01	2.73700E-01	2.05706E-01 
2.494380E-01	5.14631E-01	2.05884E-01 
2.499960E-01	3.95234E-01	2.05073E-01 
2.505530E-01	-2.41294E-01	2.03664E-01 
2.511100E-01	1.89050E-01	2.05395E-01 
2.516670E-01	1.49633E-01	2.02140E-01 
2.522250E-01	1.61948E-01	2.05012E-01 
2.527820E-01	1.52719E-01	2.18139E-01 
2.533390E-01	1.29444E-01	2.04437E-01 
2.538970E-01	8.96830E-02	2.02506E-01 
2.544540E-01	4.92267E-01	2.05062E-01 
2.550110E-01	7.53503E-02	2.04680E-01 
2.555690E-01	-8.95138E-03	2.04432E-01 
2.561260E-01	1.53517E-01	2.01731E-01 
2.566830E-01	3.09960E-01	2.15668E-01 
2.572410E-01	-2.76378E-02	2.15311E-01 
2.577980E-01	-2.44074E-01	2.01536E-01 
2.583550E-01	2.70226E-01	2.03530E-01 
2.589120E-01	1.42757E-01	2.01069E-01 
2.594700E-01	1.29755E-01	2.00422E-01 
2.600270E-01	2.40942E-01	2.01487E-01 
2.605840E-01	1.29610E-01	2.01613E-01 
2.611420E-01	-1.32620E-01	2.01875E-01 
2.616990E-01	5.77724E-01	2.01702E-01 
2.622560E-01	9.28572E-02	1.98750E-01 
2.628140E-01	1.85029E-01	2.01904E-01 
2.633710E-01	4.10900E-01	2.00078E-01 
2.639280E-01	1.65465E-01	2.00487E-01 
2.644850E-01	3.18234E-01	2.01097E-01 
2.650430E-01	6.40221E-01	1.98518E-01 
2.656000E-01	3.83498E-01	1.98460E-01 
2.661570E-01	4.98001E-01	1.99973E-01 
2.667150E-01	5.92650E-02	1.98182E-01 
2.672720E-01	5.17718E-01	1.98867E-01 
2.678290E-01	3.16942E-01	1.98251E-01 
2.683860E-01	-1.82525E-03	1.97726E-01 
2.689440E-01	-7.56026E-02	1.96302E-01 
2.695010E-01	4.37912E-01	1.97744E-01 
2.700580E-01	1.85064E-01	1.97328E-01 
2.706160E-01	4.07217E-01	1.96083E-01 
2.711730E-01	4.46620E-01	1.97735E-01 
2.717300E-01	7.04633E-02	1.95251E-01 
2.722870E-01	3.96964E-01	1.96126E-01 
2.728450E-01	1.56693E-01	1.97509E-01 
2.734020E-01	-2.74280E-02	1.95407E-01 
2.739590E-01	1.36298E-01	1.94703E-01 
2.745170E-01	4.91933E-01	1.96229E-01 
2.750740E-01	4.36090E-02	1.94620E-01 
2.756310E-01	-2.33548E-01	1.93368E-01 
2.761880E-01	2.34027E-01	1.93717E-01 
2.767460E-01	-3.19828E-01	1.91486E-01 
2.773030E-01	2.77516E-01	1.94897E-01 
2.778600E-01	1.39066E-01	2.09411E-01 
2.784180E-01	-2.18230E-01	2.13952E-01 
2.789750E-01	1.91354E-01	1.99239E-01 
2.795320E-01	1.31353E-01	2.02260E-01 
2.800890E-01	1.57898E-01	2.04020E-01 
2.806470E-01	-1.70006E-01	2.02474E-01 
2.812040E-01	3.11608E-01	2.05386E-01 
2.817610E-01	-2.12005E-01	2.05145E-01 
2.823180E-01	2.50603E-01	2.21551E-01 
2.828760E-01	1.39718E-01	2.05547E-01 
2.834330E-01	4.49179E-01	2.08746E-01 
2.839900E-01	4.26785E-01	2.08517E-01 
2.845480E-01	4.49326E-02	2.08569E-01 
2.851050E-01	1.89968E-01	2.11006E-01 
2.856620E-01	-3.43666E-01	2.09302E-01 
2.862190E-01	-1.44651E-01	2.08864E-01 
2.867770E-01	5.04376E-03	2.11194E-01 
2.873340E-01	1.20948E-01	2.13202E-01 
2.878910E-01	3.62833E-01	2.13093E-01 
2.884480E-01	5.72015E-01	2.13184E-01 
2.890060E-01	5.87746E-01	2.12182E-01 
2.895630E-01	-2.81292E-01	2.14742E-01 
2.901200E-01	2.32496E-01	2.14035E-01 
2.906770E-01	1.78275E-01	2.16566E-01 
2.912350E-01	4.41281E-01	2.17143E-01 
2.917920E-01	-5.20705E-02	2.15281E-01 
2.923490E-01	2.22398E-01	2.17817E-01 
2.929060E-01	-2.79449E-03	2.17101E-01 
2.934640E-01	2.15626E-02	2.16269E-01 
2.940210E-01	-5.77229E-02	2.18852E-01 
2.945780E-01	1.65966E-02	2.34761E-01 
2.951360E-01	-5.03189E-01	2.22220E-01 
2.956930E-01	9.20710E-02	2.42057E-01 
2.962500E-01	-4.89513E-02	2.24056E-01 
2.968070E-01	2.62091E-01	2.28434E-01 
2.973650E-01	7.40800E-01	2.29416E-01 
2.979220E-01	-1.41995E-01	2.29723E-01 
2.984790E-01	-4.12286E-01	2.29384E-01 
2.990360E-01	-4.85955E-01	2.32199E-01 
2.995940E-01	3.33064E-02	2.32638E-01 
3.001510E-01	4.89731E-01	2.33876E-01 
